# Created by Octave 4.2.1, Tue Oct 10 20:23:58 2017 PDT <manny@dixy>
# name: Policies
# type: cell
# rows: 1
# columns: 5
# name: <cell-element>
# type: matrix
# rows: 0
# columns: 0



# name: <cell-element>
# type: matrix
# rows: 0
# columns: 0



# name: <cell-element>
# type: matrix
# rows: 0
# columns: 0



# name: <cell-element>
# type: matrix
# rows: 0
# columns: 0



# name: <cell-element>
# type: matrix
# rows: 3
# columns: 25
 -0.7853981633974483 -0.7853981633974483 -0.7853981633974483 -0.7853981633974483 -0.7853981633974483 -0.3926990816987241 -0.3926990816987241 -0.3926990816987241 -0.3926990816987241 -0.3926990816987241 0 0 0 0 0 0.3926990816987241 0.3926990816987241 0.3926990816987241 0.3926990816987241 0.3926990816987241 0.7853981633974483 0.7853981633974483 0.7853981633974483 0.7853981633974483 0.7853981633974483
 -5 -2.5 0 2.5 5 -5 -2.5 0 2.5 5 -5 -2.5 0 2.5 5 -5 -2.5 0 2.5 5 -5 -2.5 0 2.5 5
 100 100 100 10 -10 100 100 10 -10 -100 100 10 -10 -100 -100 10 -5 -100 -100 -100 1 -100 -100 -100 -100





