# Created by Octave 4.2.1, Fri Oct 13 15:12:07 2017 PDT <manny@dixy>
# name: Policies
# type: cell
# rows: 1
# columns: 5
# name: <cell-element>
# type: matrix
# rows: 0
# columns: 0



# name: <cell-element>
# type: matrix
# rows: 0
# columns: 0



# name: <cell-element>
# type: matrix
# rows: 0
# columns: 0



# name: <cell-element>
# type: matrix
# rows: 0
# columns: 0



# name: <cell-element>
# type: matrix
# rows: 3
# columns: 25
 -0.7853981633974483 -0.7853981633974483 -0.7853981633974483 -0.7853981633974483 -0.7853981633974483 -0.3926990816987241 -0.3926990816987241 -0.3926990816987241 -0.3926990816987241 -0.3926990816987241 0 0 0 0 0 0.3926990816987241 0.3926990816987241 0.3926990816987241 0.3926990816987241 0.3926990816987241 0.7853981633974483 0.7853981633974483 0.7853981633974483 0.7853981633974483 0.7853981633974483
 -5 -2.5 0 2.5 5 -5 -2.5 0 2.5 5 -5 -2.5 0 2.5 5 -5 -2.5 0 2.5 5 -5 -2.5 0 2.5 5
 100 100 100 100 80 100 100 81 27 -27 92 42 -8 -58 -100 10 -44 -98 -100 -100 -100 -100 -100 -100 -100





