# Created by Octave 4.2.1, Mon Oct 09 21:50:28 2017 PDT <manny@dixy>
# name: Policies
# type: cell
# rows: 1
# columns: 5
# name: <cell-element>
# type: matrix
# rows: 0
# columns: 0



# name: <cell-element>
# type: matrix
# rows: 0
# columns: 0



# name: <cell-element>
# type: matrix
# rows: 0
# columns: 0



# name: <cell-element>
# type: matrix
# rows: 0
# columns: 0



# name: <cell-element>
# type: matrix
# rows: 3
# columns: 25
 0.7853981633974483 0.7853981633974483 0.7853981633974483 0.7853981633974483 0.7853981633974483 1.178097245096172 1.178097245096172 1.178097245096172 1.178097245096172 1.178097245096172 1.570796326794897 1.570796326794897 1.570796326794897 1.570796326794897 1.570796326794897 1.963495408493621 1.963495408493621 1.963495408493621 1.963495408493621 1.963495408493621 2.356194490192345 2.356194490192345 2.356194490192345 2.356194490192345 2.356194490192345
 -5 -2.5 0 2.5 5 -5 -2.5 0 2.5 5 -5 -2.5 0 2.5 5 -5 -2.5 0 2.5 5 -5 -2.5 0 2.5 5
 200 200 200 131 61 200 200 161 31 -99 -200 -188 160 102 -200 -11 119 200 200 200 102 173 200 200 200





