# Created by Octave 4.2.1, Mon Oct 09 15:43:44 2017 PDT <manny@dixy>
# name: Policies
# type: cell
# rows: 1
# columns: 3
# name: <cell-element>
# type: matrix
# rows: 0
# columns: 0



# name: <cell-element>
# type: matrix
# rows: 0
# columns: 0



# name: <cell-element>
# type: matrix
# rows: 3
# columns: 9
 -0.7853981633974483 -0.7853981633974483 -0.7853981633974483 0 0 0 0.7853981633974483 0.7853981633974483 0.7853981633974483
 -5 0 5 -5 0 5 -5 0 5
 100 100 -100 100 -10 -100 -100 -100 -100





