# Created by Octave 4.2.1, Mon Oct 09 14:59:53 2017 PDT <manny@dixy>
# name: Policies
# type: cell
# rows: 1
# columns: 8
# name: <cell-element>
# type: matrix
# rows: 0
# columns: 0



# name: <cell-element>
# type: matrix
# rows: 0
# columns: 0



# name: <cell-element>
# type: matrix
# rows: 0
# columns: 0



# name: <cell-element>
# type: matrix
# rows: 0
# columns: 0



# name: <cell-element>
# type: matrix
# rows: 3
# columns: 25
 -0.7853981633974483 -0.7853981633974483 -0.7853981633974483 -0.7853981633974483 -0.7853981633974483 -0.3926990816987241 -0.3926990816987241 -0.3926990816987241 -0.3926990816987241 -0.3926990816987241 0 0 0 0 0 0.3926990816987241 0.3926990816987241 0.3926990816987241 0.3926990816987241 0.3926990816987241 0.7853981633974483 0.7853981633974483 0.7853981633974483 0.7853981633974483 0.7853981633974483
 -5 -2.5 0 2.5 5 -5 -2.5 0 2.5 5 -5 -2.5 0 2.5 5 -5 -2.5 0 2.5 5 -5 -2.5 0 2.5 5
 100 100 100 100 100 100 100 100 10 -10 100 10 -10 -100 -100 10 -10 -100 -100 -100 -100 -100 -100 -100 -100



# name: <cell-element>
# type: matrix
# rows: 0
# columns: 0



# name: <cell-element>
# type: matrix
# rows: 0
# columns: 0



# name: <cell-element>
# type: matrix
# rows: 3
# columns: 64
 -0.7853981633974483 -0.7853981633974483 -0.7853981633974483 -0.7853981633974483 -0.7853981633974483 -0.7853981633974483 -0.7853981633974483 -0.7853981633974483 -0.5609986881410345 -0.5609986881410345 -0.5609986881410345 -0.5609986881410345 -0.5609986881410345 -0.5609986881410345 -0.5609986881410345 -0.5609986881410345 -0.3365992128846207 -0.3365992128846207 -0.3365992128846207 -0.3365992128846207 -0.3365992128846207 -0.3365992128846207 -0.3365992128846207 -0.3365992128846207 -0.1121997376282069 -0.1121997376282069 -0.1121997376282069 -0.1121997376282069 -0.1121997376282069 -0.1121997376282069 -0.1121997376282069 -0.1121997376282069 0.1121997376282069 0.1121997376282069 0.1121997376282069 0.1121997376282069 0.1121997376282069 0.1121997376282069 0.1121997376282069 0.1121997376282069 0.3365992128846207 0.3365992128846207 0.3365992128846207 0.3365992128846207 0.3365992128846207 0.3365992128846207 0.3365992128846207 0.3365992128846207 0.5609986881410345 0.5609986881410345 0.5609986881410345 0.5609986881410345 0.5609986881410345 0.5609986881410345 0.5609986881410345 0.5609986881410345 0.7853981633974483 0.7853981633974483 0.7853981633974483 0.7853981633974483 0.7853981633974483 0.7853981633974483 0.7853981633974483 0.7853981633974483
 -5 -3.571428571428571 -2.142857142857143 -0.7142857142857144 0.7142857142857144 2.142857142857143 3.571428571428571 5 -5 -3.571428571428571 -2.142857142857143 -0.7142857142857144 0.7142857142857144 2.142857142857143 3.571428571428571 5 -5 -3.571428571428571 -2.142857142857143 -0.7142857142857144 0.7142857142857144 2.142857142857143 3.571428571428571 5 -5 -3.571428571428571 -2.142857142857143 -0.7142857142857144 0.7142857142857144 2.142857142857143 3.571428571428571 5 -5 -3.571428571428571 -2.142857142857143 -0.7142857142857144 0.7142857142857144 2.142857142857143 3.571428571428571 5 -5 -3.571428571428571 -2.142857142857143 -0.7142857142857144 0.7142857142857144 2.142857142857143 3.571428571428571 5 -5 -3.571428571428571 -2.142857142857143 -0.7142857142857144 0.7142857142857144 2.142857142857143 3.571428571428571 5 -5 -3.571428571428571 -2.142857142857143 -0.7142857142857144 0.7142857142857144 2.142857142857143 3.571428571428571 5
 100 100 100 100 100 100 100 100 100 100 100 100 100 100 10 10 100 100 100 100 100 10 -2 -10 100 100 100 10 10 -10 -10 -100 100 10 10 -10 -10 -100 -100 -100 10 -2 -10 -100 -100 -100 -100 -100 -10 -100 -100 -100 -100 -100 -100 -100 -100 -100 -100 -100 -100 -100 -100 -100





