# Created by Octave 4.2.1, Mon Oct 09 17:20:14 2017 PDT <manny@dixy>
# name: Policies
# type: cell
# rows: 1
# columns: 3
# name: <cell-element>
# type: matrix
# rows: 0
# columns: 0



# name: <cell-element>
# type: matrix
# rows: 0
# columns: 0



# name: <cell-element>
# type: matrix
# rows: 3
# columns: 9
 0.7853981633974483 0.7853981633974483 0.7853981633974483 1.570796326794897 1.570796326794897 1.570796326794897 2.356194490192345 2.356194490192345 2.356194490192345
 -5 0 5 -5 0 5 -5 0 5
 100 100 -100 -100 -100 -100 100 100 -100





