# Created by Octave 4.2.1, Mon Oct 09 22:36:00 2017 PDT <manny@dixy>
# name: Policies
# type: cell
# rows: 1
# columns: 5
# name: <cell-element>
# type: matrix
# rows: 0
# columns: 0



# name: <cell-element>
# type: matrix
# rows: 0
# columns: 0



# name: <cell-element>
# type: matrix
# rows: 0
# columns: 0



# name: <cell-element>
# type: matrix
# rows: 0
# columns: 0



# name: <cell-element>
# type: matrix
# rows: 3
# columns: 25
 -0.7853981633974483 -0.7853981633974483 -0.7853981633974483 -0.7853981633974483 -0.7853981633974483 -0.3926990816987241 -0.3926990816987241 -0.3926990816987241 -0.3926990816987241 -0.3926990816987241 0 0 0 0 0 0.3926990816987241 0.3926990816987241 0.3926990816987241 0.3926990816987241 0.3926990816987241 0.7853981633974483 0.7853981633974483 0.7853981633974483 0.7853981633974483 0.7853981633974483
 -5 -2.5 0 2.5 5 -5 -2.5 0 2.5 5 -5 -2.5 0 2.5 5 -5 -2.5 0 2.5 5 -5 -2.5 0 2.5 5
 200 200 200 150 80 188 134 81 27 -27 92 42 -8 -58 -107 10 -44 -98 -151 -200 -102 -173 -200 -200 -200





