# Created by Octave 4.2.1, Tue Oct 10 19:41:20 2017 PDT <manny@dixy>
# name: Policies
# type: cell
# rows: 1
# columns: 6
# name: <cell-element>
# type: matrix
# rows: 0
# columns: 0



# name: <cell-element>
# type: matrix
# rows: 0
# columns: 0



# name: <cell-element>
# type: matrix
# rows: 0
# columns: 0



# name: <cell-element>
# type: matrix
# rows: 0
# columns: 0



# name: <cell-element>
# type: matrix
# rows: 0
# columns: 0



# name: <cell-element>
# type: matrix
# rows: 3
# columns: 36
 -0.7853981633974483 -0.7853981633974483 -0.7853981633974483 -0.7853981633974483 -0.7853981633974483 -0.7853981633974483 -0.471238898038469 -0.471238898038469 -0.471238898038469 -0.471238898038469 -0.471238898038469 -0.471238898038469 -0.1570796326794897 -0.1570796326794897 -0.1570796326794897 -0.1570796326794897 -0.1570796326794897 -0.1570796326794897 0.1570796326794897 0.1570796326794897 0.1570796326794897 0.1570796326794897 0.1570796326794897 0.1570796326794897 0.471238898038469 0.471238898038469 0.471238898038469 0.471238898038469 0.471238898038469 0.471238898038469 0.7853981633974483 0.7853981633974483 0.7853981633974483 0.7853981633974483 0.7853981633974483 0.7853981633974483
 -5 -3 -1 1 3 5 -5 -3 -1 1 3 5 -5 -3 -1 1 3 5 -5 -3 -1 1 3 5 -5 -3 -1 1 3 5 -5 -3 -1 1 3 5
 100 100 100 100 100 84 100 100 100 83 38 -7 100 89 48 8 -32 -73 62 22 -19 -59 -99 -100 -5 -50 -94 -100 -100 -100 -99 -100 -100 -100 -100 -100





